-0.7000	14.8089
-0.6986	14.8089
-0.6972	14.8089
-0.6958	14.8089
-0.6944	14.8089
-0.6930	14.8089
-0.6916	14.8089
-0.6902	14.8089
-0.6888	14.8089
-0.6874	14.8089
-0.6860	14.8089
-0.6846	14.8089
-0.6832	14.8089
-0.6818	14.8089
-0.6804	14.8089
-0.6790	14.8089
-0.6776	14.8089
-0.6762	14.8089
-0.6748	14.8089
-0.6734	14.8089
-0.6720	14.8089
-0.6706	14.8089
-0.6692	14.8089
-0.6678	14.8089
-0.6664	14.8089
-0.6650	14.8089
-0.6636	14.8089
-0.6622	14.8089
-0.6608	14.8089
-0.6594	14.8089
-0.6580	14.8089
-0.6566	14.8089
-0.6552	14.8089
-0.6538	14.8089
-0.6524	14.8089
-0.6510	14.8089
-0.6496	14.8089
-0.6482	14.8089
-0.6468	14.8089
-0.6454	14.8089
-0.6440	14.8089
-0.6426	14.8089
-0.6412	14.8089
-0.6398	14.8089
-0.6384	14.8089
-0.6370	14.8089
-0.6356	14.8089
-0.6342	14.8089
-0.6328	14.8089
-0.6314	14.8089
-0.6300	14.8089
-0.6286	14.8089
-0.6272	14.8089
-0.6258	14.8089
-0.6244	14.8089
-0.6230	14.8089
-0.6216	14.8089
-0.6202	14.8089
-0.6188	14.8089
-0.6174	14.8089
-0.6160	14.8089
-0.6146	14.8089
-0.6132	14.8089
-0.6118	14.8089
-0.6104	14.8074
-0.6090	14.8074
-0.6076	14.8074
-0.6062	14.8074
-0.6048	14.8074
-0.6034	14.8074
-0.6020	14.8074
-0.6006	14.8074
-0.5992	14.8074
-0.5978	14.8074
-0.5964	14.8074
-0.5950	14.8074
-0.5936	14.8074
-0.5922	14.8074
-0.5908	14.8074
-0.5894	14.8074
-0.5880	14.8074
-0.5866	14.8074
-0.5852	14.8074
-0.5838	14.8074
-0.5824	14.8074
-0.5810	14.8074
-0.5796	14.8074
-0.5782	14.8074
-0.5768	14.8074
-0.5754	14.8074
-0.5740	14.8074
-0.5726	14.8074
-0.5712	14.8074
-0.5698	14.8074
-0.5684	14.8074
-0.5670	14.8074
-0.5656	14.8074
-0.5642	14.8074
-0.5628	14.8074
-0.5614	14.8074
-0.5600	14.8074
-0.5586	14.8074
-0.5572	14.8074
-0.5558	14.8074
-0.5544	14.8074
-0.5530	14.8074
-0.5516	14.8074
-0.5502	14.8074
-0.5488	14.8074
-0.5474	14.8074
-0.5460	14.8074
-0.5446	14.8074
-0.5432	14.8074
-0.5418	14.8074
-0.5404	14.8074
-0.5390	14.8074
-0.5376	14.8074
-0.5362	14.8074
-0.5348	14.8074
-0.5334	14.8074
-0.5320	14.8074
-0.5306	14.8074
-0.5292	14.8074
-0.5278	14.8074
-0.5264	14.8074
-0.5250	14.8074
-0.5236	14.8074
-0.5222	14.8074
-0.5208	14.8074
-0.5194	14.8074
-0.5180	14.8074
-0.5166	14.8074
-0.5152	14.8074
-0.5138	14.8074
-0.5124	14.8074
-0.5110	14.8074
-0.5096	14.8074
-0.5082	14.8074
-0.5068	14.8074
-0.5054	14.8074
-0.5040	14.8074
-0.5026	14.8074
-0.5012	14.8074
-0.4998	14.8074
-0.4984	14.8074
-0.4970	14.8074
-0.4956	14.8074
-0.4942	14.8074
-0.4928	14.8074
-0.4914	14.8074
-0.4900	14.8074
-0.4886	14.8074
-0.4872	14.8074
-0.4858	14.8074
-0.4844	14.8074
-0.4830	14.8074
-0.4816	14.8074
-0.4802	14.8074
-0.4788	14.8074
-0.4774	14.8074
-0.4760	14.8074
-0.4746	14.8074
-0.4732	14.8074
-0.4718	14.8074
-0.4704	14.8074
-0.4690	14.8074
-0.4676	14.8074
-0.4662	14.8074
-0.4648	14.8074
-0.4634	14.8074
-0.4620	14.8074
-0.4606	14.8074
-0.4592	14.8074
-0.4578	14.8074
-0.4564	14.8074
-0.4550	14.8074
-0.4536	14.8074
-0.4522	14.8074
-0.4508	14.8074
-0.4494	14.8074
-0.4480	14.8074
-0.4466	14.8074
-0.4452	14.8074
-0.4438	14.8074
-0.4424	14.8074
-0.4410	14.8074
-0.4396	14.8074
-0.4382	14.8074
-0.4368	14.8074
-0.4354	14.8074
-0.4340	14.8074
-0.4326	14.8074
-0.4312	14.8074
-0.4298	14.8074
-0.4284	14.8074
-0.4270	14.8074
-0.4256	14.8074
-0.4242	14.8074
-0.4228	14.8074
-0.4214	14.8074
-0.4200	14.8074
-0.4186	14.8074
-0.4172	14.8074
-0.4158	14.8074
-0.4144	14.8074
-0.4130	14.8074
-0.4116	14.8074
-0.4102	14.8074
-0.4088	14.8074
-0.4074	14.8074
-0.4060	14.8074
-0.4046	14.8074
-0.4032	14.8074
-0.4018	14.8074
-0.4004	14.8074
-0.3990	14.8074
-0.3976	14.8074
-0.3962	14.8074
-0.3948	14.8074
-0.3934	14.8074
-0.3920	14.8074
-0.3906	14.8074
-0.3892	14.8074
-0.3878	14.8074
-0.3864	14.8074
-0.3850	14.8074
-0.3836	14.8074
-0.3822	14.8074
-0.3808	14.8074
-0.3794	14.8074
-0.3780	14.8074
-0.3766	14.8074
-0.3752	14.8074
-0.3738	14.8074
-0.3724	14.8074
-0.3710	14.8074
-0.3696	14.8074
-0.3682	14.8074
-0.3668	14.8074
-0.3654	14.8074
-0.3640	14.8074
-0.3626	14.8074
-0.3612	14.8074
-0.3598	14.8074
-0.3584	14.8074
-0.3570	14.8074
-0.3556	14.8074
-0.3542	14.8074
-0.3528	14.8074
-0.3514	14.8074
-0.3500	14.8074
-0.3486	14.8074
-0.3472	14.8074
-0.3458	14.8074
-0.3444	14.8074
-0.3430	14.8074
-0.3416	14.8074
-0.3402	14.8074
-0.3388	14.8074
-0.3374	14.8074
-0.3360	14.8074
-0.3346	14.8074
-0.3332	14.8074
-0.3318	14.8074
-0.3304	14.8074
-0.3290	14.8074
-0.3276	14.8074
-0.3262	14.8074
-0.3248	14.8074
-0.3234	14.8074
-0.3220	14.8074
-0.3206	14.8074
-0.3192	14.8074
-0.3178	14.8074
-0.3164	14.8074
-0.3150	14.8074
-0.3136	14.8074
-0.3122	14.8074
-0.3108	14.8074
-0.3094	14.8074
-0.3080	14.8074
-0.3066	14.8074
-0.3052	14.8074
-0.3038	14.8074
-0.3024	14.8074
-0.3010	14.8074
-0.2996	14.8074
-0.2982	14.8074
-0.2968	14.8074
-0.2954	14.8074
-0.2940	14.8074
-0.2926	14.8074
-0.2912	14.8074
-0.2898	14.8074
-0.2884	14.8074
-0.2870	14.8074
-0.2856	14.8074
-0.2842	14.8074
-0.2828	14.8074
-0.2814	14.8074
-0.2800	14.8074
-0.2786	14.8074
-0.2772	14.8074
-0.2758	14.8074
-0.2744	14.8074
-0.2730	14.8074
-0.2716	14.8074
-0.2702	14.8074
-0.2688	14.8074
-0.2674	14.8074
-0.2660	14.8074
-0.2646	14.8074
-0.2632	14.8074
-0.2618	14.8074
-0.2604	14.8074
-0.2590	14.8074
-0.2576	14.8074
-0.2562	14.8074
-0.2548	14.8074
-0.2534	14.8074
-0.2520	14.8074
-0.2506	14.8074
-0.2492	14.8074
-0.2478	14.8074
-0.2464	14.8074
-0.2450	14.8074
-0.2436	14.8074
-0.2422	14.8074
-0.2408	14.8074
-0.2394	14.8074
-0.2380	14.8074
-0.2366	14.8074
-0.2352	14.8074
-0.2338	14.8074
-0.2324	14.8074
-0.2310	14.8074
-0.2296	14.8074
-0.2282	14.8074
-0.2268	14.8074
-0.2254	14.8074
-0.2240	14.8074
-0.2226	14.8074
-0.2212	14.8074
-0.2198	14.8074
-0.2184	14.8074
-0.2170	14.8074
-0.2156	14.8074
-0.2142	14.8074
-0.2128	14.8074
-0.2114	14.8074
-0.2100	14.8074
-0.2086	14.8074
-0.2072	14.8074
-0.2058	14.8074
-0.2044	14.8074
-0.2030	14.8074
-0.2016	14.8074
-0.2002	14.8074
-0.1988	14.8074
-0.1974	14.8074
-0.1960	14.8074
-0.1946	14.8074
-0.1932	14.8074
-0.1918	14.8074
-0.1904	14.8074
-0.1890	14.8074
-0.1876	14.8074
-0.1862	14.8074
-0.1848	14.8074
-0.1834	14.8074
-0.1820	14.8074
-0.1806	14.8074
-0.1792	14.8074
-0.1778	14.8074
-0.1764	14.8074
-0.1750	14.8074
-0.1736	14.8074
-0.1722	14.8074
-0.1708	14.8074
-0.1694	14.8074
-0.1680	14.8074
-0.1666	14.8074
-0.1652	14.8074
-0.1638	14.8074
-0.1624	14.8074
-0.1610	14.8074
-0.1596	14.8074
-0.1582	14.8074
-0.1568	14.8074
-0.1554	14.8074
-0.1540	14.8074
-0.1526	14.8074
-0.1512	14.8074
-0.1498	14.8059
-0.1484	14.8059
-0.1470	14.8059
-0.1456	14.8059
-0.1442	14.8059
-0.1428	14.8059
-0.1414	14.8059
-0.1400	14.8059
-0.1386	14.8059
-0.1372	14.8059
-0.1358	14.8059
-0.1344	14.8059
-0.1330	14.8059
-0.1316	14.8059
-0.1302	14.8059
-0.1288	14.8059
-0.1274	14.8059
-0.1260	14.8059
-0.1246	14.8059
-0.1232	14.8059
-0.1218	14.8059
-0.1204	14.8059
-0.1190	14.8059
-0.1176	14.8059
-0.1162	14.8059
-0.1148	14.8059
-0.1134	14.8059
-0.1120	14.8059
-0.1106	14.8059
-0.1092	14.8059
-0.1078	14.8059
-0.1064	14.8059
-0.1050	14.8059
-0.1036	14.8059
-0.1022	14.8059
-0.1008	14.8059
-0.0994	14.8059
-0.0980	14.8059
-0.0966	14.8059
-0.0952	14.8059
-0.0938	14.8059
-0.0924	14.8059
-0.0910	14.8059
-0.0896	14.8059
-0.0882	14.8059
-0.0868	14.8059
-0.0854	14.8059
-0.0840	14.8059
-0.0826	14.8059
-0.0812	14.8059
-0.0798	14.8059
-0.0784	14.8059
-0.0770	14.8059
-0.0756	14.8059
-0.0742	14.8059
-0.0728	14.8059
-0.0714	14.8059
-0.0700	14.8059
-0.0686	14.8059
-0.0672	14.8059
-0.0658	14.8059
-0.0644	14.8074
-0.0630	14.8074
-0.0616	14.8074
-0.0602	14.8074
-0.0588	14.8074
-0.0574	14.8074
-0.0560	14.8074
-0.0546	14.8074
-0.0532	14.8074
-0.0518	14.8074
-0.0504	14.8074
-0.0490	14.8074
-0.0476	14.8074
-0.0462	14.8074
-0.0448	14.8074
-0.0434	14.8074
-0.0420	14.8074
-0.0406	14.8059
-0.0392	14.8030
-0.0378	14.7985
-0.0364	14.7904
-0.0350	14.7822
-0.0336	14.7668
-0.0322	14.7503
-0.0308	14.7321
-0.0294	14.7096
-0.0280	14.6872
-0.0266	14.6621
-0.0252	14.6363
-0.0238	14.6100
-0.0224	14.5829
-0.0210	14.5558
-0.0196	14.5295
-0.0182	14.5030
-0.0168	14.4793
-0.0154	14.4560
-0.0140	14.4346
-0.0126	14.4139
-0.0112	14.3967
-0.0098	14.3816
-0.0084	14.3695
-0.0070	14.3609
-0.0056	14.3559
-0.0042	14.3541
-0.0028	14.3560
-0.0014	14.3613
0.0000	14.3695
0.0014	14.3738
0.0028	14.3812
0.0042	14.3917
0.0056	14.4054
0.0070	14.4220
0.0084	14.4412
0.0098	14.4629
0.0112	14.4862
0.0126	14.5108
0.0140	14.5370
0.0154	14.5632
0.0168	14.5891
0.0182	14.6150
0.0196	14.6410
0.0210	14.6671
0.0224	14.6906
0.0238	14.7140
0.0252	14.7344
0.0266	14.7531
0.0280	14.7703
0.0294	14.7816
0.0308	14.7929
0.0322	14.7988
0.0336	14.8030
0.0350	14.8059
0.0364	14.8059
0.0378	14.8059
0.0392	14.8059
0.0406	14.8059
0.0420	14.8059
0.0434	14.8059
0.0448	14.8059
0.0462	14.8059
0.0476	14.8059
0.0490	14.8059
0.0504	14.8059
0.0518	14.8059
0.0532	14.8059
0.0546	14.8059
0.0560	14.8059
0.0574	14.8059
0.0588	14.8059
0.0602	14.8059
0.0616	14.8059
0.0630	14.8059
0.0644	14.8059
0.0658	14.8059
0.0672	14.8059
0.0686	14.8059
0.0700	14.8059
0.0714	14.8059
0.0728	14.8059
0.0742	14.8059
0.0756	14.8059
0.0770	14.8059
0.0784	14.8059
0.0798	14.8059
0.0812	14.8059
0.0826	14.8059
0.0840	14.8059
0.0854	14.8059
0.0868	14.8059
0.0882	14.8059
0.0896	14.8059
0.0910	14.8059
0.0924	14.8059
0.0938	14.8059
0.0952	14.8059
0.0966	14.8059
0.0980	14.8059
0.0994	14.8059
0.1008	14.8059
0.1022	14.8059
0.1036	14.8059
0.1050	14.8059
0.1064	14.8059
0.1078	14.8059
0.1092	14.8059
0.1106	14.8059
0.1120	14.8059
0.1134	14.8059
0.1148	14.8059
0.1162	14.8059
0.1176	14.8059
0.1190	14.8059
0.1204	14.8059
0.1218	14.8059
0.1232	14.8059
0.1246	14.8059
0.1260	14.8059
0.1274	14.8059
0.1288	14.8059
0.1302	14.8059
0.1316	14.8059
0.1330	14.8059
0.1344	14.8059
0.1358	14.8059
0.1372	14.8059
0.1386	14.8059
0.1400	14.8059
0.1414	14.8059
0.1428	14.8059
0.1442	14.8059
0.1456	14.8059
0.1470	14.8059
0.1484	14.8059
0.1498	14.8059
0.1512	14.8059
0.1526	14.8059
0.1540	14.8059
0.1554	14.8059
0.1568	14.8059
0.1582	14.8059
0.1596	14.8059
0.1610	14.8059
0.1624	14.8059
0.1638	14.8059
0.1652	14.8059
0.1666	14.8059
0.1680	14.8059
0.1694	14.8059
0.1708	14.8059
0.1722	14.8059
0.1736	14.8059
0.1750	14.8059
0.1764	14.8059
0.1778	14.8059
0.1792	14.8059
0.1806	14.8059
0.1820	14.8059
0.1834	14.8059
0.1848	14.8059
0.1862	14.8059
0.1876	14.8059
0.1890	14.8059
0.1904	14.8059
0.1918	14.8059
0.1932	14.8059
0.1946	14.8059
0.1960	14.8059
0.1974	14.8059
0.1988	14.8059
0.2002	14.8059
0.2016	14.8059
0.2030	14.8059
0.2044	14.8059
0.2058	14.8059
0.2072	14.8059
0.2086	14.8059
0.2100	14.8059
0.2114	14.8059
0.2128	14.8044
0.2142	14.8044
0.2156	14.8044
0.2170	14.8044
0.2184	14.8044
0.2198	14.8044
0.2212	14.8044
0.2226	14.8044
0.2240	14.8044
0.2254	14.8044
0.2268	14.8044
0.2282	14.8044
0.2296	14.8044
0.2310	14.8044
0.2324	14.8044
0.2338	14.8044
0.2352	14.8044
0.2366	14.8044
0.2380	14.8044
0.2394	14.8044
0.2408	14.8044
0.2422	14.8044
0.2436	14.8044
0.2450	14.8044
0.2464	14.8044
0.2478	14.8044
0.2492	14.8044
0.2506	14.8044
0.2520	14.8044
0.2534	14.8044
0.2548	14.8044
0.2562	14.8044
0.2576	14.8044
0.2590	14.8044
0.2604	14.8044
0.2618	14.8044
0.2632	14.8044
0.2646	14.8044
0.2660	14.8044
0.2674	14.8044
0.2688	14.8044
0.2702	14.8044
0.2716	14.8044
0.2730	14.8044
0.2744	14.8044
0.2758	14.8044
0.2772	14.8044
0.2786	14.8044
0.2800	14.8044
0.2814	14.8044
0.2828	14.8044
0.2842	14.8044
0.2856	14.8044
0.2870	14.8044
0.2884	14.8044
0.2898	14.8044
0.2912	14.8044
0.2926	14.8044
0.2940	14.8044
0.2954	14.8044
0.2968	14.8044
0.2982	14.8044
0.2996	14.8044
0.3010	14.8044
0.3024	14.8044
0.3038	14.8044
0.3052	14.8044
0.3066	14.8044
0.3080	14.8044
0.3094	14.8044
0.3108	14.8044
0.3122	14.8044
0.3136	14.8044
0.3150	14.8044
0.3164	14.8044
0.3178	14.8044
0.3192	14.8044
0.3206	14.8044
0.3220	14.8044
0.3234	14.8044
0.3248	14.8044
0.3262	14.8044
0.3276	14.8044
0.3290	14.8044
0.3304	14.8044
0.3318	14.8044
0.3332	14.8044
0.3346	14.8044
0.3360	14.8044
0.3374	14.8044
0.3388	14.8044
0.3402	14.8044
0.3416	14.8044
0.3430	14.8044
0.3444	14.8044
0.3458	14.8044
0.3472	14.8044
0.3486	14.8044
0.3500	14.8044
0.3514	14.8044
0.3528	14.8044
0.3542	14.8044
0.3556	14.8044
0.3570	14.8044
0.3584	14.8044
0.3598	14.8044
0.3612	14.8044
0.3626	14.8044
0.3640	14.8044
0.3654	14.8044
0.3668	14.8044
0.3682	14.8044
0.3696	14.8044
0.3710	14.8044
0.3724	14.8044
0.3738	14.8044
0.3752	14.8044
0.3766	14.8044
0.3780	14.8044
0.3794	14.8044
0.3808	14.8044
0.3822	14.8044
0.3836	14.8044
0.3850	14.8044
0.3864	14.8044
0.3878	14.8044
0.3892	14.8044
0.3906	14.8044
0.3920	14.8044
0.3934	14.8044
0.3948	14.8044
0.3962	14.8044
0.3976	14.8044
0.3990	14.8044
0.4004	14.8044
0.4018	14.8044
0.4032	14.8044
0.4046	14.8044
0.4060	14.8044
0.4074	14.8044
0.4088	14.8044
0.4102	14.8044
0.4116	14.8044
0.4130	14.8044
0.4144	14.8044
0.4158	14.8044
0.4172	14.8044
0.4186	14.8044
0.4200	14.8044
0.4214	14.8044
0.4228	14.8044
0.4242	14.8044
0.4256	14.8044
0.4270	14.8044
0.4284	14.8044
0.4298	14.8044
0.4312	14.8044
0.4326	14.8044
0.4340	14.8044
0.4354	14.8044
0.4368	14.8044
0.4382	14.8044
0.4396	14.8044
0.4410	14.8044
0.4424	14.8044
0.4438	14.8044
0.4452	14.8044
0.4466	14.8044
0.4480	14.8044
0.4494	14.8044
0.4508	14.8044
0.4522	14.8044
0.4536	14.8044
0.4550	14.8044
0.4564	14.8044
0.4578	14.8044
0.4592	14.8044
0.4606	14.8044
0.4620	14.8044
0.4634	14.8044
0.4648	14.8044
0.4662	14.8044
0.4676	14.8044
0.4690	14.8044
0.4704	14.8044
0.4718	14.8044
0.4732	14.8044
0.4746	14.8044
0.4760	14.8044
0.4774	14.8044
0.4788	14.8044
0.4802	14.8044
0.4816	14.8044
0.4830	14.8044
0.4844	14.8044
0.4858	14.8044
0.4872	14.8044
0.4886	14.8044
0.4900	14.8044
0.4914	14.8044
0.4928	14.8044
0.4942	14.8044
0.4956	14.8044
0.4970	14.8044
0.4984	14.8044
0.4998	14.8044
0.5012	14.8044
0.5026	14.8044
0.5040	14.8044
0.5054	14.8044
0.5068	14.8044
0.5082	14.8044
0.5096	14.8044
0.5110	14.8030
0.5124	14.8030
0.5138	14.8030
0.5152	14.8030
0.5166	14.8030
0.5180	14.8030
0.5194	14.8030
0.5208	14.8030
0.5222	14.8030
0.5236	14.8030
0.5250	14.8030
0.5264	14.8030
0.5278	14.8030
0.5292	14.8030
0.5306	14.8030
0.5320	14.8030
0.5334	14.8030
0.5348	14.8030
0.5362	14.8030
0.5376	14.8030
0.5390	14.8030
0.5404	14.8030
0.5418	14.8030
0.5432	14.8030
0.5446	14.8030
0.5460	14.8030
0.5474	14.8030
0.5488	14.8030
0.5502	14.8030
0.5516	14.8030
0.5530	14.8030
0.5544	14.8030
0.5558	14.8030
0.5572	14.8030
0.5586	14.8030
0.5600	14.8030
0.5614	14.8030
0.5628	14.8030
0.5642	14.8030
0.5656	14.8030
0.5670	14.8030
0.5684	14.8030
0.5698	14.8030
0.5712	14.8030
0.5726	14.8030
0.5740	14.8030
0.5754	14.8030
0.5768	14.8030
0.5782	14.8030
0.5796	14.8030
0.5810	14.8030
0.5824	14.8030
0.5838	14.8030
0.5852	14.8030
0.5866	14.8030
0.5880	14.8030
0.5894	14.8030
0.5908	14.8030
0.5922	14.8030
0.5936	14.8030
0.5950	14.8030
0.5964	14.8030
0.5978	14.8030
0.5992	14.8030
0.6006	14.8030
0.6020	14.8030
0.6034	14.8030
0.6048	14.8030
0.6062	14.8030
0.6076	14.8030
0.6090	14.8030
0.6104	14.8030
0.6118	14.8030
0.6132	14.8030
0.6146	14.8030
0.6160	14.8030
0.6174	14.8030
0.6188	14.8030
0.6202	14.8030
0.6216	14.8030
0.6230	14.8030
0.6244	14.8030
0.6258	14.8030
0.6272	14.8030
0.6286	14.8030
0.6300	14.8030
0.6314	14.8030
0.6328	14.8030
0.6342	14.8030
0.6356	14.8030
0.6370	14.8030
0.6384	14.8030
0.6398	14.8030
0.6412	14.8030
0.6426	14.8030
0.6440	14.8030
0.6454	14.8030
0.6468	14.8030
0.6482	14.8030
0.6496	14.8030
0.6510	14.8030
0.6524	14.8030
0.6538	14.8030
0.6552	14.8030
0.6566	14.8030
0.6580	14.8030
0.6594	14.8030
0.6608	14.8030
0.6622	14.8030
0.6636	14.8030
0.6650	14.8030
0.6664	14.8030
0.6678	14.8030
0.6692	14.8030
0.6706	14.8030
0.6720	14.8030
0.6734	14.8030
0.6748	14.8030
0.6762	14.8030
0.6776	14.8030
0.6790	14.8030
0.6804	14.8030
0.6818	14.8030
0.6832	14.8030
0.6846	14.8030
0.6860	14.8030
0.6874	14.8030
0.6888	14.8030
0.6902	14.8030
0.6916	14.8030
0.6930	14.8030
0.6944	14.8030
0.6958	14.8030
0.6972	14.8030
0.6986	14.8030
0.7000	14.8030