-0.70000	14.8370
-0.69860	14.8370
-0.69720	14.8370
-0.69580	14.8370
-0.69440	14.8370
-0.69300	14.8370
-0.69160	14.8370
-0.69020	14.8370
-0.68880	14.8370
-0.68740	14.8370
-0.68600	14.8370
-0.68460	14.8370
-0.68320	14.8370
-0.68180	14.8370
-0.68040	14.8355
-0.67900	14.8355
-0.67760	14.8355
-0.67620	14.8355
-0.67480	14.8355
-0.67340	14.8355
-0.67200	14.8355
-0.67060	14.8355
-0.66920	14.8355
-0.66780	14.8355
-0.66640	14.8355
-0.66500	14.8355
-0.66360	14.8355
-0.66220	14.8355
-0.66080	14.8355
-0.65940	14.8355
-0.65800	14.8355
-0.65660	14.8355
-0.65520	14.8355
-0.65380	14.8355
-0.65240	14.8355
-0.65100	14.8355
-0.64960	14.8355
-0.64820	14.8355
-0.64680	14.8355
-0.64540	14.8355
-0.64400	14.8355
-0.64260	14.8340
-0.64120	14.8340
-0.63980	14.8340
-0.63840	14.8340
-0.63700	14.8340
-0.63560	14.8340
-0.63420	14.8340
-0.63280	14.8340
-0.63140	14.8340
-0.63000	14.8340
-0.62860	14.8340
-0.62720	14.8340
-0.62580	14.8340
-0.62440	14.8340
-0.62300	14.8340
-0.62160	14.8340
-0.62020	14.8340
-0.61880	14.8340
-0.61740	14.8340
-0.61600	14.8340
-0.61460	14.8340
-0.61320	14.8340
-0.61180	14.8340
-0.61040	14.8340
-0.60900	14.8340
-0.60760	14.8340
-0.60620	14.8340
-0.60480	14.8326
-0.60340	14.8326
-0.60200	14.8326
-0.60060	14.8326
-0.59920	14.8326
-0.59780	14.8326
-0.59640	14.8326
-0.59500	14.8326
-0.59360	14.8326
-0.59220	14.8326
-0.59080	14.8326
-0.58940	14.8326
-0.58800	14.8326
-0.58660	14.8326
-0.58520	14.8326
-0.58380	14.8326
-0.58240	14.8326
-0.58100	14.8326
-0.57960	14.8326
-0.57820	14.8326
-0.57680	14.8326
-0.57540	14.8326
-0.57400	14.8326
-0.57260	14.8326
-0.57120	14.8326
-0.56980	14.8326
-0.56840	14.8311
-0.56700	14.8311
-0.56560	14.8311
-0.56420	14.8311
-0.56280	14.8311
-0.56140	14.8311
-0.56000	14.8311
-0.55860	14.8311
-0.55720	14.8311
-0.55580	14.8311
-0.55440	14.8311
-0.55300	14.8311
-0.55160	14.8311
-0.55020	14.8311
-0.54880	14.8311
-0.54740	14.8311
-0.54600	14.8311
-0.54460	14.8311
-0.54320	14.8311
-0.54180	14.8311
-0.54040	14.8311
-0.53900	14.8311
-0.53760	14.8311
-0.53620	14.8311
-0.53480	14.8311
-0.53340	14.8311
-0.53200	14.8296
-0.53060	14.8296
-0.52920	14.8296
-0.52780	14.8296
-0.52640	14.8296
-0.52500	14.8296
-0.52360	14.8296
-0.52220	14.8296
-0.52080	14.8296
-0.51940	14.8296
-0.51800	14.8296
-0.51660	14.8296
-0.51520	14.8296
-0.51380	14.8296
-0.51240	14.8296
-0.51100	14.8296
-0.50960	14.8296
-0.50820	14.8296
-0.50680	14.8296
-0.50540	14.8296
-0.50400	14.8296
-0.50260	14.8296
-0.50120	14.8296
-0.49980	14.8296
-0.49840	14.8296
-0.49700	14.8296
-0.49560	14.8281
-0.49420	14.8281
-0.49280	14.8281
-0.49140	14.8281
-0.49000	14.8281
-0.48860	14.8281
-0.48720	14.8281
-0.48580	14.8281
-0.48440	14.8281
-0.48300	14.8281
-0.48160	14.8281
-0.48020	14.8281
-0.47880	14.8281
-0.47740	14.8281
-0.47600	14.8281
-0.47460	14.8281
-0.47320	14.8281
-0.47180	14.8281
-0.47040	14.8281
-0.46900	14.8281
-0.46760	14.8281
-0.46620	14.8281
-0.46480	14.8281
-0.46340	14.8281
-0.46200	14.8281
-0.46060	14.8281
-0.45920	14.8281
-0.45780	14.8266
-0.45640	14.8266
-0.45500	14.8266
-0.45360	14.8266
-0.45220	14.8266
-0.45080	14.8266
-0.44940	14.8266
-0.44800	14.8266
-0.44660	14.8266
-0.44520	14.8266
-0.44380	14.8266
-0.44240	14.8266
-0.44100	14.8266
-0.43960	14.8266
-0.43820	14.8266
-0.43680	14.8266
-0.43540	14.8266
-0.43400	14.8266
-0.43260	14.8266
-0.43120	14.8266
-0.42980	14.8266
-0.42840	14.8266
-0.42700	14.8266
-0.42560	14.8266
-0.42420	14.8266
-0.42280	14.8266
-0.42140	14.8252
-0.42000	14.8252
-0.41860	14.8252
-0.41720	14.8252
-0.41580	14.8252
-0.41440	14.8252
-0.41300	14.8252
-0.41160	14.8252
-0.41020	14.8252
-0.40880	14.8252
-0.40740	14.8252
-0.40600	14.8252
-0.40460	14.8252
-0.40320	14.8252
-0.40180	14.8252
-0.40040	14.8252
-0.39900	14.8252
-0.39760	14.8252
-0.39620	14.8252
-0.39480	14.8252
-0.39340	14.8252
-0.39200	14.8252
-0.39060	14.8252
-0.38920	14.8252
-0.38780	14.8252
-0.38640	14.8237
-0.38500	14.8237
-0.38360	14.8237
-0.38220	14.8237
-0.38080	14.8237
-0.37940	14.8237
-0.37800	14.8237
-0.37660	14.8237
-0.37520	14.8237
-0.37380	14.8237
-0.37240	14.8237
-0.37100	14.8237
-0.36960	14.8237
-0.36820	14.8237
-0.36680	14.8237
-0.36540	14.8237
-0.36400	14.8237
-0.36260	14.8237
-0.36120	14.8237
-0.35980	14.8237
-0.35840	14.8237
-0.35700	14.8237
-0.35560	14.8237
-0.35420	14.8237
-0.35280	14.8237
-0.35140	14.8237
-0.35000	14.8237
-0.34860	14.8222
-0.34720	14.8222
-0.34580	14.8222
-0.34440	14.8222
-0.34300	14.8222
-0.34160	14.8222
-0.34020	14.8222
-0.33880	14.8222
-0.33740	14.8222
-0.33600	14.8222
-0.33460	14.8222
-0.33320	14.8222
-0.33180	14.8222
-0.33040	14.8222
-0.32900	14.8222
-0.32760	14.8222
-0.32620	14.8222
-0.32480	14.8222
-0.32340	14.8222
-0.32200	14.8222
-0.32060	14.8222
-0.31920	14.8222
-0.31780	14.8222
-0.31640	14.8222
-0.31500	14.8222
-0.31360	14.8207
-0.31220	14.8207
-0.31080	14.8207
-0.30940	14.8207
-0.30800	14.8207
-0.30660	14.8207
-0.30520	14.8207
-0.30380	14.8207
-0.30240	14.8207
-0.30100	14.8207
-0.29960	14.8207
-0.29820	14.8207
-0.29680	14.8207
-0.29540	14.8207
-0.29400	14.8207
-0.29260	14.8207
-0.29120	14.8207
-0.28980	14.8207
-0.28840	14.8207
-0.28700	14.8207
-0.28560	14.8207
-0.28420	14.8207
-0.28280	14.8207
-0.28140	14.8207
-0.28000	14.8207
-0.27860	14.8207
-0.27720	14.8207
-0.27580	14.8192
-0.27440	14.8192
-0.27300	14.8192
-0.27160	14.8192
-0.27020	14.8192
-0.26880	14.8192
-0.26740	14.8192
-0.26600	14.8192
-0.26460	14.8192
-0.26320	14.8192
-0.26180	14.8192
-0.26040	14.8192
-0.25900	14.8192
-0.25760	14.8192
-0.25620	14.8192
-0.25480	14.8192
-0.25340	14.8192
-0.25200	14.8192
-0.25060	14.8192
-0.24920	14.8192
-0.24780	14.8192
-0.24640	14.8192
-0.24500	14.8192
-0.24360	14.8192
-0.24220	14.8192
-0.24080	14.8178
-0.23940	14.8178
-0.23800	14.8178
-0.23660	14.8178
-0.23520	14.8178
-0.23380	14.8178
-0.23240	14.8178
-0.23100	14.8178
-0.22960	14.8178
-0.22820	14.8178
-0.22680	14.8178
-0.22540	14.8178
-0.22400	14.8178
-0.22260	14.8178
-0.22120	14.8178
-0.21980	14.8178
-0.21840	14.8178
-0.21700	14.8178
-0.21560	14.8178
-0.21420	14.8178
-0.21280	14.8178
-0.21140	14.8178
-0.21000	14.8178
-0.20860	14.8178
-0.20720	14.8178
-0.20580	14.8163
-0.20440	14.8163
-0.20300	14.8163
-0.20160	14.8163
-0.20020	14.8163
-0.19880	14.8163
-0.19740	14.8163
-0.19600	14.8163
-0.19460	14.8163
-0.19320	14.8163
-0.19180	14.8163
-0.19040	14.8163
-0.18900	14.8163
-0.18760	14.8163
-0.18620	14.8163
-0.18480	14.8163
-0.18340	14.8163
-0.18200	14.8163
-0.18060	14.8163
-0.17920	14.8163
-0.17780	14.8163
-0.17640	14.8163
-0.17500	14.8163
-0.17360	14.8163
-0.17220	14.8163
-0.17080	14.8163
-0.16940	14.8148
-0.16800	14.8148
-0.16660	14.8148
-0.16520	14.8148
-0.16380	14.8148
-0.16240	14.8148
-0.16100	14.8148
-0.15960	14.8148
-0.15820	14.8148
-0.15680	14.8148
-0.15540	14.8148
-0.15400	14.8148
-0.15260	14.8148
-0.15120	14.8148
-0.14980	14.8148
-0.14840	14.8148
-0.14700	14.8133
-0.14560	14.8133
-0.14420	14.8133
-0.14280	14.8133
-0.14140	14.8133
-0.14000	14.8133
-0.13860	14.8133
-0.13720	14.8133
-0.13580	14.8133
-0.13440	14.8133
-0.13300	14.8133
-0.13160	14.8133
-0.13020	14.8133
-0.12880	14.8133
-0.12740	14.8133
-0.12600	14.8133
-0.12460	14.8148
-0.12320	14.8148
-0.12180	14.8148
-0.12040	14.8163
-0.11900	14.8163
-0.11760	14.8178
-0.11620	14.8178
-0.11480	14.8192
-0.11340	14.8192
-0.11200	14.8192
-0.11060	14.8207
-0.10920	14.8207
-0.10780	14.8207
-0.10640	14.8207
-0.10500	14.8222
-0.10360	14.8222
-0.10220	14.8222
-0.10080	14.8237
-0.09940	14.8237
-0.09800	14.8237
-0.09660	14.8192
-0.09520	14.8163
-0.09380	14.8133
-0.09240	14.8104
-0.09100	14.8074
-0.08960	14.8030
-0.08820	14.8000
-0.08680	14.7970
-0.08540	14.7938
-0.08400	14.7905
-0.08260	14.7840
-0.08120	14.7740
-0.07980	14.7640
-0.07840	14.7540
-0.07700	14.7441
-0.07560	14.7341
-0.07420	14.7241
-0.07280	14.7142
-0.07140	14.7041
-0.07000	14.6942
-0.06860	14.6841
-0.06720	14.6727
-0.06580	14.6588
-0.06440	14.6447
-0.06300	14.6308
-0.06160	14.6169
-0.06020	14.6029
-0.05880	14.5890
-0.05740	14.5749
-0.05600	14.5610
-0.05460	14.5469
-0.05320	14.5330
-0.05180	14.5189
-0.05040	14.5083
-0.04900	14.4982
-0.04760	14.4882
-0.04620	14.4782
-0.04480	14.4682
-0.04340	14.4581
-0.04200	14.4482
-0.04060	14.4381
-0.03920	14.4282
-0.03780	14.4182
-0.03640	14.4081
-0.03500	14.3982
-0.03360	14.3970
-0.03220	14.3977
-0.03080	14.3985
-0.02940	14.3991
-0.02800	14.3998
-0.02660	14.4005
-0.02520	14.4013
-0.02380	14.4019
-0.02240	14.4026
-0.02100	14.4034
-0.01960	14.4041
-0.01820	14.4048
-0.01680	14.4097
-0.01540	14.4207
-0.01400	14.4316
-0.01260	14.4426
-0.01120	14.4535
-0.00980	14.4645
-0.00840	14.4753
-0.00700	14.4862
-0.00560	14.4972
-0.00420	14.5081
-0.00280	14.5191
-0.00140	14.5300
0.00000	14.5410
0.00140	14.5533
0.00280	14.5668
0.00420	14.5802
0.00560	14.5937
0.00700	14.6070
0.00840	14.6205
0.00980	14.6339
0.01120	14.6474
0.01260	14.6607
0.01400	14.6742
0.01540	14.6877
0.01680	14.7011
0.01820	14.7146
0.01960	14.7270
0.02100	14.7349
0.02240	14.7429
0.02380	14.7507
0.02520	14.7586
0.02660	14.7664
0.02800	14.7744
0.02940	14.7822
0.03080	14.7901
0.03220	14.7981
0.03360	14.8059
0.03500	14.8133
0.03640	14.8222
0.03780	14.8296
0.03920	14.8355
0.04060	14.8355
0.04200	14.8370
0.04340	14.8385
0.04480	14.8400
0.04620	14.8400
0.04760	14.8414
0.04900	14.8429
0.05040	14.8429
0.05180	14.8444
0.05320	14.8459
0.05460	14.8459
0.05600	14.8474
0.05740	14.8488
0.05880	14.8488
0.06020	14.8474
0.06160	14.8459
0.06300	14.8444
0.06440	14.8429
0.06580	14.8400
0.06720	14.8385
0.06860	14.8370
0.07000	14.8355
0.07140	14.8326
0.07280	14.8311
0.07420	14.8296
0.07560	14.8281
0.07700	14.8252
0.07840	14.8237
0.07980	14.8222
0.08120	14.8207
0.08260	14.8192
0.08400	14.8178
0.08540	14.8178
0.08680	14.8163
0.08820	14.8148
0.08960	14.8133
0.09100	14.8118
0.09240	14.8104
0.09380	14.8089
0.09520	14.8089
0.09660	14.8074
0.09800	14.8059
0.09940	14.8044
0.10080	14.8030
0.10220	14.8030
0.10360	14.8030
0.10500	14.8015
0.10640	14.8015
0.10780	14.8015
0.10920	14.8015
0.11060	14.8015
0.11200	14.8015
0.11340	14.8015
0.11480	14.8000
0.11620	14.8000
0.11760	14.8000
0.11900	14.8000
0.12040	14.7999
0.12180	14.7996
0.12320	14.7994
0.12460	14.7994
0.12600	14.7994
0.12740	14.7996
0.12880	14.7997
0.13020	14.7999
0.13160	14.8000
0.13300	14.8000
0.13440	14.8000
0.13580	14.8000
0.13720	14.8000
0.13860	14.8000
0.14000	14.8000
0.14140	14.8015
0.14280	14.8015
0.14420	14.8015
0.14560	14.8015
0.14700	14.8015
0.14840	14.8015
0.14980	14.8015
0.15120	14.8015
0.15260	14.8015
0.15400	14.8015
0.15540	14.8015
0.15680	14.8015
0.15820	14.8015
0.15960	14.8015
0.16100	14.8015
0.16240	14.8015
0.16380	14.8015
0.16520	14.8015
0.16660	14.8015
0.16800	14.8015
0.16940	14.8015
0.17080	14.8015
0.17220	14.8015
0.17360	14.8015
0.17500	14.8015
0.17640	14.8015
0.17780	14.8015
0.17920	14.8015
0.18060	14.8015
0.18200	14.8015
0.18340	14.8015
0.18480	14.8015
0.18620	14.8015
0.18760	14.8015
0.18900	14.8015
0.19040	14.8015
0.19180	14.8015
0.19320	14.8015
0.19460	14.8015
0.19600	14.8000
0.19740	14.8000
0.19880	14.8000
0.20020	14.8000
0.20160	14.8000
0.20300	14.8000
0.20440	14.8000
0.20580	14.8000
0.20720	14.8000
0.20860	14.8000
0.21000	14.8000
0.21140	14.7999
0.21280	14.7999
0.21420	14.7997
0.21560	14.7997
0.21700	14.7996
0.21840	14.7996
0.21980	14.7994
0.22120	14.7994
0.22260	14.7993
0.22400	14.7993
0.22540	14.7993
0.22680	14.7991
0.22820	14.7991
0.22960	14.7990
0.23100	14.7990
0.23240	14.7990
0.23380	14.7988
0.23520	14.7988
0.23660	14.7987
0.23800	14.7987
0.23940	14.7985
0.24080	14.7985
0.24220	14.7985
0.24360	14.7984
0.24500	14.7984
0.24640	14.7982
0.24780	14.7982
0.24920	14.7981
0.25060	14.7981
0.25200	14.7981
0.25340	14.7979
0.25480	14.7979
0.25620	14.7979
0.25760	14.7978
0.25900	14.7978
0.26040	14.7976
0.26180	14.7976
0.26320	14.7976
0.26460	14.7975
0.26600	14.7975
0.26740	14.7973
0.26880	14.7973
0.27020	14.7973
0.27160	14.7972
0.27300	14.7972
0.27440	14.7970
0.27580	14.7970
0.27720	14.7970
0.27860	14.7969
0.28000	14.7969
0.28140	14.7967
0.28280	14.7967
0.28420	14.7967
0.28560	14.7966
0.28700	14.7966
0.28840	14.7964
0.28980	14.7964
0.29120	14.7964
0.29260	14.7963
0.29400	14.7963
0.29540	14.7962
0.29680	14.7962
0.29820	14.7962
0.29960	14.7960
0.30100	14.7960
0.30240	14.7959
0.30380	14.7959
0.30520	14.7959
0.30660	14.7957
0.30800	14.7957
0.30940	14.7956
0.31080	14.7956
0.31220	14.7956
0.31360	14.7954
0.31500	14.7954
0.31640	14.7953
0.31780	14.7953
0.31920	14.7953
0.32060	14.7951
0.32200	14.7951
0.32340	14.7950
0.32480	14.7950
0.32620	14.7950
0.32760	14.7948
0.32900	14.7948
0.33040	14.7947
0.33180	14.7947
0.33320	14.7947
0.33460	14.7945
0.33600	14.7945
0.33740	14.7944
0.33880	14.7944
0.34020	14.7944
0.34160	14.7942
0.34300	14.7942
0.34440	14.7941
0.34580	14.7941
0.34720	14.7941
0.34860	14.7939
0.35000	14.7939
0.35140	14.7938
0.35280	14.7938
0.35420	14.7936
0.35560	14.7936
0.35700	14.7936
0.35840	14.7935
0.35980	14.7935
0.36120	14.7933
0.36260	14.7933
0.36400	14.7933
0.36540	14.7932
0.36680	14.7932
0.36820	14.7930
0.36960	14.7930
0.37100	14.7930
0.37240	14.7929
0.37380	14.7929
0.37520	14.7927
0.37660	14.7927
0.37800	14.7927
0.37940	14.7926
0.38080	14.7926
0.38220	14.7925
0.38360	14.7925
0.38500	14.7925
0.38640	14.7923
0.38780	14.7923
0.38920	14.7922
0.39060	14.7922
0.39200	14.7922
0.39340	14.7920
0.39480	14.7920
0.39620	14.7919
0.39760	14.7919
0.39900	14.7919
0.40040	14.7917
0.40180	14.7917
0.40320	14.7916
0.40460	14.7916
0.40600	14.7914
0.40740	14.7914
0.40880	14.7914
0.41020	14.7913
0.41160	14.7913
0.41300	14.7911
0.41440	14.7911
0.41580	14.7911
0.41720	14.7910
0.41860	14.7910
0.42000	14.7908
0.42140	14.7908
0.42280	14.7908
0.42420	14.7907
0.42560	14.7907
0.42700	14.7905
0.42840	14.7905
0.42980	14.7905
0.43120	14.7904
0.43260	14.7904
0.43400	14.7902
0.43540	14.7902
0.43680	14.7902
0.43820	14.7901
0.43960	14.7901
0.44100	14.7899
0.44240	14.7899
0.44380	14.7899
0.44520	14.7898
0.44660	14.7898
0.44800	14.7896
0.44940	14.7896
0.45080	14.7896
0.45220	14.7895
0.45360	14.7895
0.45500	14.7893
0.45640	14.7893
0.45780	14.7892
0.45920	14.7892
0.46060	14.7892
0.46200	14.7890
0.46340	14.7890
0.46480	14.7889
0.46620	14.7889
0.46760	14.7889
0.46900	14.7888
0.47040	14.7888
0.47180	14.7886
0.47320	14.7886
0.47460	14.7886
0.47600	14.7885
0.47740	14.7885
0.47880	14.7883
0.48020	14.7883
0.48160	14.7883
0.48300	14.7882
0.48440	14.7882
0.48580	14.7880
0.48720	14.7880
0.48860	14.7880
0.49000	14.7879
0.49140	14.7879
0.49280	14.7877
0.49420	14.7877
0.49560	14.7876
0.49700	14.7876
0.49840	14.7876
0.49980	14.7874
0.50120	14.7874
0.50260	14.7873
0.50400	14.7873
0.50540	14.7873
0.50680	14.7871
0.50820	14.7871
0.50960	14.7870
0.51100	14.7870
0.51240	14.7870
0.51380	14.7868
0.51520	14.7868
0.51660	14.7867
0.51800	14.7867
0.51940	14.7865
0.52080	14.7865
0.52220	14.7865
0.52360	14.7864
0.52500	14.7864
0.52640	14.7862
0.52780	14.7862
0.52920	14.7862
0.53060	14.7861
0.53200	14.7861
0.53340	14.7859
0.53480	14.7859
0.53620	14.7859
0.53760	14.7858
0.53900	14.7858
0.54040	14.7856
0.54180	14.7856
0.54320	14.7856
0.54460	14.7855
0.54600	14.7855
0.54740	14.7853
0.54880	14.7853
0.55020	14.7852
0.55160	14.7852
0.55300	14.7852
0.55440	14.7851
0.55580	14.7851
0.55720	14.7849
0.55860	14.7849
0.56000	14.7849
0.56140	14.7848
0.56280	14.7848
0.56420	14.7846
0.56560	14.7846
0.56700	14.7846
0.56840	14.7845
0.56980	14.7845
0.57120	14.7843
0.57260	14.7843
0.57400	14.7842
0.57540	14.7842
0.57680	14.7842
0.57820	14.7840
0.57960	14.7840
0.58100	14.7839
0.58240	14.7839
0.58380	14.7839
0.58520	14.7837
0.58660	14.7837
0.58800	14.7836
0.58940	14.7836
0.59080	14.7836
0.59220	14.7834
0.59360	14.7834
0.59500	14.7833
0.59640	14.7833
0.59780	14.7833
0.59920	14.7831
0.60060	14.7831
0.60200	14.7830
0.60340	14.7830
0.60480	14.7828
0.60620	14.7828
0.60760	14.7828
0.60900	14.7827
0.61040	14.7827
0.61180	14.7825
0.61320	14.7825
0.61460	14.7825
0.61600	14.7824
0.61740	14.7824
0.61880	14.7822
0.62020	14.7822
0.62160	14.7822
0.62300	14.7821
0.62440	14.7821
0.62580	14.7819
0.62720	14.7819
0.62860	14.7818
0.63000	14.7818
0.63140	14.7818
0.63280	14.7816
0.63420	14.7816
0.63560	14.7815
0.63700	14.7815
0.63840	14.7815
0.63980	14.7814
0.64120	14.7814
0.64260	14.7812
0.64400	14.7812
0.64540	14.7811
0.64680	14.7811
0.64820	14.7811
0.64960	14.7809
0.65100	14.7809
0.65240	14.7808
0.65380	14.7808
0.65520	14.7808
0.65660	14.7806
0.65800	14.7806
0.65940	14.7805
0.66080	14.7805
0.66220	14.7805
0.66360	14.7803
0.66500	14.7803
0.66640	14.7802
0.66780	14.7802
0.66920	14.7800
0.67060	14.7800
0.67200	14.7800
0.67340	14.7799
0.67480	14.7799
0.67620	14.7797
0.67760	14.7797
0.67900	14.7797
0.68040	14.7796
0.68180	14.7796
0.68320	14.7794
0.68460	14.7794
0.68600	14.7793
0.68740	14.7793
0.68880	14.7793
0.69020	14.7791
0.69160	14.7791
0.69300	14.7790
0.69440	14.7790
0.69580	14.7790
0.69720	14.7788
0.69860	14.7788
0.70000	14.7787