-3.5000	29.6977
-3.4930	29.6977
-3.4860	29.6977
-3.4790	29.6977
-3.4720	29.6977
-3.4650	29.6977
-3.4580	29.6977
-3.4510	29.6977
-3.4440	29.6977
-3.4370	29.6977
-3.4300	29.6977
-3.4230	29.6977
-3.4160	29.6947
-3.4090	29.6947
-3.4020	29.6947
-3.3950	29.6947
-3.3880	29.6947
-3.3810	29.6947
-3.3740	29.6947
-3.3670	29.6947
-3.3600	29.6947
-3.3530	29.6947
-3.3460	29.6947
-3.3390	29.6947
-3.3320	29.6947
-3.3250	29.6947
-3.3180	29.6947
-3.3110	29.6947
-3.3040	29.6947
-3.2970	29.6947
-3.2900	29.6947
-3.2830	29.6947
-3.2760	29.6947
-3.2690	29.6947
-3.2620	29.6918
-3.2550	29.6918
-3.2480	29.6918
-3.2410	29.6918
-3.2340	29.6918
-3.2270	29.6918
-3.2200	29.6918
-3.2130	29.6918
-3.2060	29.6918
-3.1990	29.6918
-3.1920	29.6918
-3.1850	29.6918
-3.1780	29.6918
-3.1710	29.6918
-3.1640	29.6918
-3.1570	29.6918
-3.1500	29.6918
-3.1430	29.6918
-3.1360	29.6918
-3.1290	29.6918
-3.1220	29.6918
-3.1150	29.6918
-3.1080	29.6888
-3.1010	29.6888
-3.0940	29.6888
-3.0870	29.6888
-3.0800	29.6888
-3.0730	29.6888
-3.0660	29.6888
-3.0590	29.6888
-3.0520	29.6888
-3.0450	29.6888
-3.0380	29.6888
-3.0310	29.6888
-3.0240	29.6888
-3.0170	29.6888
-3.0100	29.6888
-3.0030	29.6888
-2.9960	29.6888
-2.9890	29.6888
-2.9820	29.6888
-2.9750	29.6888
-2.9680	29.6888
-2.9610	29.6858
-2.9540	29.6858
-2.9470	29.6858
-2.9400	29.6858
-2.9330	29.6858
-2.9260	29.6858
-2.9190	29.6858
-2.9120	29.6858
-2.9050	29.6858
-2.8980	29.6858
-2.8910	29.6858
-2.8840	29.6858
-2.8770	29.6858
-2.8700	29.6858
-2.8630	29.6858
-2.8560	29.6858
-2.8490	29.6858
-2.8420	29.6858
-2.8350	29.6858
-2.8280	29.6858
-2.8210	29.6858
-2.8140	29.6829
-2.8070	29.6829
-2.8000	29.6829
-2.7930	29.6829
-2.7860	29.6829
-2.7790	29.6829
-2.7720	29.6829
-2.7650	29.6829
-2.7580	29.6829
-2.7510	29.6829
-2.7440	29.6829
-2.7370	29.6829
-2.7300	29.6829
-2.7230	29.6829
-2.7160	29.6829
-2.7090	29.6829
-2.7020	29.6829
-2.6950	29.6829
-2.6880	29.6829
-2.6810	29.6829
-2.6740	29.6829
-2.6670	29.6799
-2.6600	29.6799
-2.6530	29.6799
-2.6460	29.6799
-2.6390	29.6799
-2.6320	29.6799
-2.6250	29.6799
-2.6180	29.6799
-2.6110	29.6799
-2.6040	29.6799
-2.5970	29.6799
-2.5900	29.6799
-2.5830	29.6799
-2.5760	29.6799
-2.5690	29.6799
-2.5620	29.6799
-2.5550	29.6799
-2.5480	29.6799
-2.5410	29.6799
-2.5340	29.6799
-2.5270	29.6799
-2.5200	29.6770
-2.5130	29.6770
-2.5060	29.6770
-2.4990	29.6770
-2.4920	29.6770
-2.4850	29.6770
-2.4780	29.6770
-2.4710	29.6770
-2.4640	29.6770
-2.4570	29.6770
-2.4500	29.6770
-2.4430	29.6770
-2.4360	29.6770
-2.4290	29.6770
-2.4220	29.6770
-2.4150	29.6770
-2.4080	29.6770
-2.4010	29.6770
-2.3940	29.6770
-2.3870	29.6770
-2.3800	29.6770
-2.3730	29.6740
-2.3660	29.6740
-2.3590	29.6740
-2.3520	29.6740
-2.3450	29.6740
-2.3380	29.6740
-2.3310	29.6740
-2.3240	29.6740
-2.3170	29.6740
-2.3100	29.6740
-2.3030	29.6740
-2.2960	29.6740
-2.2890	29.6740
-2.2820	29.6740
-2.2750	29.6740
-2.2680	29.6740
-2.2610	29.6740
-2.2540	29.6740
-2.2470	29.6740
-2.2400	29.6740
-2.2330	29.6740
-2.2260	29.6710
-2.2190	29.6710
-2.2120	29.6710
-2.2050	29.6710
-2.1980	29.6710
-2.1910	29.6710
-2.1840	29.6710
-2.1770	29.6710
-2.1700	29.6710
-2.1630	29.6710
-2.1560	29.6710
-2.1490	29.6710
-2.1420	29.6710
-2.1350	29.6710
-2.1280	29.6710
-2.1210	29.6710
-2.1140	29.6710
-2.1070	29.6710
-2.1000	29.6710
-2.0930	29.6710
-2.0860	29.6710
-2.0790	29.6681
-2.0720	29.6681
-2.0650	29.6681
-2.0580	29.6681
-2.0510	29.6681
-2.0440	29.6681
-2.0370	29.6681
-2.0300	29.6681
-2.0230	29.6681
-2.0160	29.6681
-2.0090	29.6681
-2.0020	29.6681
-1.9950	29.6681
-1.9880	29.6681
-1.9810	29.6681
-1.9740	29.6681
-1.9670	29.6681
-1.9600	29.6681
-1.9530	29.6681
-1.9460	29.6681
-1.9390	29.6681
-1.9320	29.6651
-1.9250	29.6651
-1.9180	29.6651
-1.9110	29.6651
-1.9040	29.6651
-1.8970	29.6651
-1.8900	29.6651
-1.8830	29.6651
-1.8760	29.6651
-1.8690	29.6651
-1.8620	29.6651
-1.8550	29.6651
-1.8480	29.6651
-1.8410	29.6651
-1.8340	29.6651
-1.8270	29.6651
-1.8200	29.6651
-1.8130	29.6651
-1.8060	29.6651
-1.7990	29.6651
-1.7920	29.6651
-1.7850	29.6622
-1.7780	29.6622
-1.7710	29.6622
-1.7640	29.6622
-1.7570	29.6622
-1.7500	29.6622
-1.7430	29.6622
-1.7360	29.6622
-1.7290	29.6622
-1.7220	29.6622
-1.7150	29.6622
-1.7080	29.6622
-1.7010	29.6622
-1.6940	29.6622
-1.6870	29.6622
-1.6800	29.6622
-1.6730	29.6622
-1.6660	29.6622
-1.6590	29.6622
-1.6520	29.6622
-1.6450	29.6592
-1.6380	29.6592
-1.6310	29.6592
-1.6240	29.6592
-1.6170	29.6592
-1.6100	29.6592
-1.6030	29.6592
-1.5960	29.6592
-1.5890	29.6592
-1.5820	29.6592
-1.5750	29.6592
-1.5680	29.6592
-1.5610	29.6592
-1.5540	29.6592
-1.5470	29.6592
-1.5400	29.6592
-1.5330	29.6592
-1.5260	29.6592
-1.5190	29.6592
-1.5120	29.6592
-1.5050	29.6592
-1.4980	29.6592
-1.4910	29.6562
-1.4840	29.6562
-1.4770	29.6562
-1.4700	29.6562
-1.4630	29.6562
-1.4560	29.6562
-1.4490	29.6562
-1.4420	29.6562
-1.4350	29.6562
-1.4280	29.6562
-1.4210	29.6562
-1.4140	29.6562
-1.4070	29.6562
-1.4000	29.6562
-1.3930	29.6562
-1.3860	29.6562
-1.3790	29.6562
-1.3720	29.6562
-1.3650	29.6562
-1.3580	29.6562
-1.3510	29.6533
-1.3440	29.6533
-1.3370	29.6533
-1.3300	29.6533
-1.3230	29.6533
-1.3160	29.6533
-1.3090	29.6533
-1.3020	29.6533
-1.2950	29.6533
-1.2880	29.6533
-1.2810	29.6533
-1.2740	29.6533
-1.2670	29.6533
-1.2600	29.6533
-1.2530	29.6533
-1.2460	29.6533
-1.2390	29.6533
-1.2320	29.6533
-1.2250	29.6533
-1.2180	29.6533
-1.2110	29.6533
-1.2040	29.6533
-1.1970	29.6503
-1.1900	29.6503
-1.1830	29.6503
-1.1760	29.6503
-1.1690	29.6503
-1.1620	29.6503
-1.1550	29.6503
-1.1480	29.6503
-1.1410	29.6503
-1.1340	29.6503
-1.1270	29.6503
-1.1200	29.6503
-1.1130	29.6503
-1.1060	29.6503
-1.0990	29.6503
-1.0920	29.6503
-1.0850	29.6503
-1.0780	29.6503
-1.0710	29.6474
-1.0640	29.6474
-1.0570	29.6474
-1.0500	29.6474
-1.0430	29.6474
-1.0360	29.6474
-1.0290	29.6474
-1.0220	29.6474
-1.0150	29.6474
-1.0080	29.6474
-1.0010	29.6444
-0.9940	29.6444
-0.9870	29.6444
-0.9800	29.6444
-0.9730	29.6444
-0.9660	29.6444
-0.9590	29.6444
-0.9520	29.6444
-0.9450	29.6444
-0.9380	29.6444
-0.9310	29.6444
-0.9240	29.6444
-0.9170	29.6444
-0.9100	29.6444
-0.9030	29.6444
-0.8960	29.6444
-0.8890	29.6444
-0.8820	29.6444
-0.8750	29.6474
-0.8680	29.6474
-0.8610	29.6474
-0.8540	29.6474
-0.8470	29.6503
-0.8400	29.6503
-0.8330	29.6503
-0.8260	29.6533
-0.8190	29.6533
-0.8120	29.6533
-0.8050	29.6562
-0.7980	29.6562
-0.7910	29.6562
-0.7840	29.6562
-0.7770	29.6592
-0.7700	29.6592
-0.7630	29.6592
-0.7560	29.6592
-0.7490	29.6592
-0.7420	29.6622
-0.7350	29.6622
-0.7280	29.6622
-0.7210	29.6622
-0.7140	29.6651
-0.7070	29.6651
-0.7000	29.6651
-0.6930	29.6651
-0.6860	29.6681
-0.6790	29.6622
-0.6720	29.6562
-0.6650	29.6533
-0.6580	29.6474
-0.6510	29.6414
-0.6440	29.6385
-0.6370	29.6326
-0.6300	29.6266
-0.6230	29.6237
-0.6160	29.6178
-0.6090	29.6118
-0.6020	29.6059
-0.5950	29.6030
-0.5880	29.5973
-0.5810	29.5923
-0.5740	29.5852
-0.5670	29.5692
-0.5600	29.5535
-0.5530	29.5378
-0.5460	29.5222
-0.5390	29.5062
-0.5320	29.4905
-0.5250	29.4748
-0.5180	29.4591
-0.5110	29.4431
-0.5040	29.4274
-0.4970	29.4117
-0.4900	29.3961
-0.4830	29.3801
-0.4760	29.3644
-0.4690	29.3487
-0.4620	29.3330
-0.4550	29.3108
-0.4480	29.2883
-0.4410	29.2661
-0.4340	29.2436
-0.4270	29.2214
-0.4200	29.1989
-0.4130	29.1767
-0.4060	29.1542
-0.3990	29.1317
-0.3920	29.1095
-0.3850	29.0870
-0.3780	29.0648
-0.3710	29.0423
-0.3640	29.0201
-0.3570	28.9976
-0.3500	28.9751
-0.3430	28.9538
-0.3360	28.9378
-0.3290	28.9219
-0.3220	28.9062
-0.3150	28.8902
-0.3080	28.8742
-0.3010	28.8582
-0.2940	28.8425
-0.2870	28.8266
-0.2800	28.8106
-0.2730	28.7946
-0.2660	28.7789
-0.2590	28.7629
-0.2520	28.7469
-0.2450	28.7309
-0.2380	28.7153
-0.2310	28.6993
-0.2240	28.6833
-0.2170	28.6791
-0.2100	28.6809
-0.2030	28.6824
-0.1960	28.6842
-0.1890	28.6857
-0.1820	28.6874
-0.1750	28.6892
-0.1680	28.6907
-0.1610	28.6925
-0.1540	28.6939
-0.1470	28.6957
-0.1400	28.6972
-0.1330	28.6990
-0.1260	28.7008
-0.1190	28.7022
-0.1120	28.7040
-0.1050	28.7055
-0.0980	28.7073
-0.0910	28.7179
-0.0840	28.7360
-0.0770	28.7537
-0.0700	28.7718
-0.0630	28.7898
-0.0560	28.8076
-0.0490	28.8257
-0.0420	28.8434
-0.0350	28.8615
-0.0280	28.8792
-0.0210	28.8973
-0.0140	28.9154
-0.0070	28.9331
0.0000	28.9512
0.0070	28.9689
0.0140	28.9870
0.0210	29.0047
0.0280	29.0228
0.0350	29.0409
0.0420	29.0610
0.0490	29.0823
0.0560	29.1033
0.0630	29.1243
0.0700	29.1453
0.0770	29.1664
0.0840	29.1877
0.0910	29.2087
0.0980	29.2297
0.1050	29.2507
0.1120	29.2717
0.1190	29.2928
0.1260	29.3141
0.1330	29.3351
0.1400	29.3561
0.1470	29.3771
0.1540	29.3981
0.1610	29.4191
0.1680	29.4405
0.1750	29.4585
0.1820	29.4704
0.1890	29.4819
0.1960	29.4934
0.2030	29.5050
0.2100	29.5168
0.2170	29.5284
0.2240	29.5399
0.2310	29.5518
0.2380	29.5633
0.2450	29.5748
0.2520	29.5867
0.2590	29.5982
0.2660	29.6089
0.2730	29.6207
0.2800	29.6326
0.2870	29.6444
0.2940	29.6562
0.3010	29.6681
0.3080	29.6799
0.3150	29.6888
0.3220	29.6918
0.3290	29.6918
0.3360	29.6918
0.3430	29.6947
0.3500	29.6947
0.3570	29.6947
0.3640	29.6977
0.3710	29.6977
0.3780	29.7006
0.3850	29.7006
0.3920	29.7006
0.3990	29.7036
0.4060	29.7036
0.4130	29.7036
0.4200	29.7066
0.4270	29.7066
0.4340	29.7066
0.4410	29.7095
0.4480	29.7095
0.4550	29.7095
0.4620	29.7095
0.4690	29.7066
0.4760	29.7036
0.4830	29.7006
0.4900	29.6977
0.4970	29.6947
0.5040	29.6918
0.5110	29.6888
0.5180	29.6858
0.5250	29.6829
0.5320	29.6799
0.5390	29.6770
0.5460	29.6770
0.5530	29.6740
0.5600	29.6710
0.5670	29.6681
0.5740	29.6651
0.5810	29.6622
0.5880	29.6592
0.5950	29.6562
0.6020	29.6533
0.6090	29.6503
0.6160	29.6474
0.6230	29.6444
0.6300	29.6444
0.6370	29.6414
0.6440	29.6385
0.6510	29.6385
0.6580	29.6355
0.6650	29.6326
0.6720	29.6326
0.6790	29.6296
0.6860	29.6296
0.6930	29.6266
0.7000	29.6237
0.7070	29.6237
0.7140	29.6207
0.7210	29.6178
0.7280	29.6178
0.7350	29.6148
0.7420	29.6148
0.7490	29.6118
0.7560	29.6089
0.7630	29.6089
0.7700	29.6059
0.7770	29.6059
0.7840	29.6059
0.7910	29.6059
0.7980	29.6059
0.8050	29.6059
0.8120	29.6030
0.8190	29.6030
0.8260	29.6030
0.8330	29.6030
0.8400	29.6030
0.8470	29.6030
0.8540	29.6030
0.8610	29.6030
0.8680	29.6030
0.8750	29.6030
0.8820	29.6000
0.8890	29.6000
0.8960	29.6000
0.9030	29.6000
0.9100	29.6000
0.9170	29.6000
0.9240	29.5997
0.9310	29.5994
0.9380	29.5994
0.9450	29.5994
0.9520	29.5997
0.9590	29.5997
0.9660	29.6000
0.9730	29.6000
0.9800	29.6000
0.9870	29.6000
0.9940	29.6000
1.0010	29.6000
1.0080	29.6000
1.0150	29.6000
1.0220	29.6000
1.0290	29.6000
1.0360	29.6000
1.0430	29.6000
1.0500	29.6000
1.0570	29.6030
1.0640	29.6030
1.0710	29.6030
1.0780	29.6030
1.0850	29.6030
1.0920	29.6030
1.0990	29.6030
1.1060	29.6030
1.1130	29.6030
1.1200	29.6030
1.1270	29.6030
1.1340	29.6030
1.1410	29.6030
1.1480	29.6030
1.1550	29.6030
1.1620	29.6030
1.1690	29.6030
1.1760	29.6030
1.1830	29.6030
1.1900	29.6030
1.1970	29.6030
1.2040	29.6030
1.2110	29.6030
1.2180	29.6030
1.2250	29.6030
1.2320	29.6030
1.2390	29.6030
1.2460	29.6030
1.2530	29.6030
1.2600	29.6030
1.2670	29.6000
1.2740	29.6000
1.2810	29.6000
1.2880	29.6000
1.2950	29.6000
1.3020	29.6000
1.3090	29.6000
1.3160	29.6000
1.3230	29.6000
1.3300	29.6000
1.3370	29.6000
1.3440	29.6000
1.3510	29.5997
1.3580	29.5997
1.3650	29.5994
1.3720	29.5994
1.3790	29.5991
1.3860	29.5991
1.3930	29.5988
1.4000	29.5985
1.4070	29.5985
1.4140	29.5982
1.4210	29.5982
1.4280	29.5979
1.4350	29.5979
1.4420	29.5976
1.4490	29.5976
1.4560	29.5973
1.4630	29.5973
1.4700	29.5970
1.4770	29.5967
1.4840	29.5967
1.4910	29.5964
1.4980	29.5964
1.5050	29.5962
1.5120	29.5962
1.5190	29.5959
1.5260	29.5959
1.5330	29.5956
1.5400	29.5953
1.5470	29.5953
1.5540	29.5950
1.5610	29.5950
1.5680	29.5947
1.5750	29.5947
1.5820	29.5944
1.5890	29.5944
1.5960	29.5941
1.6030	29.5938
1.6100	29.5938
1.6170	29.5935
1.6240	29.5935
1.6310	29.5932
1.6380	29.5932
1.6450	29.5929
1.6520	29.5929
1.6590	29.5926
1.6660	29.5926
1.6730	29.5923
1.6800	29.5920
1.6870	29.5920
1.6940	29.5917
1.7010	29.5917
1.7080	29.5914
1.7150	29.5914
1.7220	29.5911
1.7290	29.5911
1.7360	29.5908
1.7430	29.5908
1.7500	29.5905
1.7570	29.5905
1.7640	29.5902
1.7710	29.5902
1.7780	29.5899
1.7850	29.5899
1.7920	29.5896
1.7990	29.5896
1.8060	29.5893
1.8130	29.5893
1.8200	29.5890
1.8270	29.5890
1.8340	29.5888
1.8410	29.5888
1.8480	29.5885
1.8550	29.5885
1.8620	29.5882
1.8690	29.5882
1.8760	29.5879
1.8830	29.5879
1.8900	29.5876
1.8970	29.5876
1.9040	29.5873
1.9110	29.5873
1.9180	29.5870
1.9250	29.5870
1.9320	29.5867
1.9390	29.5867
1.9460	29.5864
1.9530	29.5864
1.9600	29.5861
1.9670	29.5861
1.9740	29.5858
1.9810	29.5858
1.9880	29.5855
1.9950	29.5855
2.0020	29.5852
2.0090	29.5852
2.0160	29.5849
2.0230	29.5849
2.0300	29.5846
2.0370	29.5846
2.0440	29.5843
2.0510	29.5843
2.0580	29.5840
2.0650	29.5840
2.0720	29.5837
2.0790	29.5837
2.0860	29.5834
2.0930	29.5834
2.1000	29.5831
2.1070	29.5831
2.1140	29.5828
2.1210	29.5828
2.1280	29.5825
2.1350	29.5825
2.1420	29.5822
2.1490	29.5822
2.1560	29.5819
2.1630	29.5819
2.1700	29.5816
2.1770	29.5816
2.1840	29.5814
2.1910	29.5814
2.1980	29.5811
2.2050	29.5811
2.2120	29.5808
2.2190	29.5808
2.2260	29.5805
2.2330	29.5805
2.2400	29.5802
2.2470	29.5802
2.2540	29.5799
2.2610	29.5796
2.2680	29.5796
2.2750	29.5793
2.2820	29.5793
2.2890	29.5790
2.2960	29.5790
2.3030	29.5787
2.3100	29.5787
2.3170	29.5784
2.3240	29.5784
2.3310	29.5781
2.3380	29.5781
2.3450	29.5778
2.3520	29.5778
2.3590	29.5775
2.3660	29.5775
2.3730	29.5772
2.3800	29.5772
2.3870	29.5769
2.3940	29.5769
2.4010	29.5766
2.4080	29.5766
2.4150	29.5763
2.4220	29.5763
2.4290	29.5760
2.4360	29.5760
2.4430	29.5757
2.4500	29.5757
2.4570	29.5754
2.4640	29.5754
2.4710	29.5751
2.4780	29.5751
2.4850	29.5748
2.4920	29.5748
2.4990	29.5745
2.5060	29.5745
2.5130	29.5742
2.5200	29.5742
2.5270	29.5740
2.5340	29.5740
2.5410	29.5737
2.5480	29.5737
2.5550	29.5734
2.5620	29.5734
2.5690	29.5731
2.5760	29.5731
2.5830	29.5728
2.5900	29.5728
2.5970	29.5725
2.6040	29.5722
2.6110	29.5722
2.6180	29.5719
2.6250	29.5719
2.6320	29.5716
2.6390	29.5716
2.6460	29.5713
2.6530	29.5713
2.6600	29.5710
2.6670	29.5710
2.6740	29.5707
2.6810	29.5707
2.6880	29.5704
2.6950	29.5704
2.7020	29.5701
2.7090	29.5701
2.7160	29.5698
2.7230	29.5698
2.7300	29.5695
2.7370	29.5695
2.7440	29.5692
2.7510	29.5692
2.7580	29.5689
2.7650	29.5689
2.7720	29.5686
2.7790	29.5686
2.7860	29.5683
2.7930	29.5683
2.8000	29.5680
2.8070	29.5680
2.8140	29.5677
2.8210	29.5677
2.8280	29.5674
2.8350	29.5674
2.8420	29.5671
2.8490	29.5671
2.8560	29.5668
2.8630	29.5668
2.8700	29.5666
2.8770	29.5663
2.8840	29.5663
2.8910	29.5660
2.8980	29.5660
2.9050	29.5657
2.9120	29.5657
2.9190	29.5654
2.9260	29.5654
2.9330	29.5651
2.9400	29.5651
2.9470	29.5648
2.9540	29.5648
2.9610	29.5645
2.9680	29.5645
2.9750	29.5642
2.9820	29.5642
2.9890	29.5639
2.9960	29.5639
3.0030	29.5636
3.0100	29.5636
3.0170	29.5633
3.0240	29.5633
3.0310	29.5630
3.0380	29.5630
3.0450	29.5627
3.0520	29.5627
3.0590	29.5624
3.0660	29.5624
3.0730	29.5621
3.0800	29.5621
3.0870	29.5618
3.0940	29.5618
3.1010	29.5615
3.1080	29.5615
3.1150	29.5612
3.1220	29.5609
3.1290	29.5609
3.1360	29.5606
3.1430	29.5606
3.1500	29.5603
3.1570	29.5603
3.1640	29.5600
3.1710	29.5600
3.1780	29.5597
3.1850	29.5597
3.1920	29.5594
3.1990	29.5594
3.2060	29.5592
3.2130	29.5592
3.2200	29.5589
3.2270	29.5589
3.2340	29.5586
3.2410	29.5586
3.2480	29.5583
3.2550	29.5583
3.2620	29.5580
3.2690	29.5580
3.2760	29.5577
3.2830	29.5577
3.2900	29.5574
3.2970	29.5574
3.3040	29.5571
3.3110	29.5571
3.3180	29.5568
3.3250	29.5568
3.3320	29.5565
3.3390	29.5562
3.3460	29.5562
3.3530	29.5559
3.3600	29.5559
3.3670	29.5556
3.3740	29.5556
3.3810	29.5553
3.3880	29.5553
3.3950	29.5550
3.4020	29.5550
3.4090	29.5547
3.4160	29.5547
3.4230	29.5544
3.4300	29.5544
3.4370	29.5541
3.4440	29.5541
3.4510	29.5538
3.4580	29.5538
3.4650	29.5535
3.4720	29.5535
3.4790	29.5532
3.4860	29.5532
3.4930	29.5529
3.5000	29.5529